Denied: 2020/05/23 22:11:19
Passed: 2020-05-23T22:14:09.036630
Passed: 2020-05-24T18:40:59.573616
