Passed: 2020-05-23T21:38:36.646541
Passed: 2020-05-23T21:40:26.912863
Denied: 2020/05/23 21:40:33
Denied: 2020/05/23 22:04:43
